1AG 20/07/16 5.1 5.1 5 5 2584
1PG 20/07/16 44 44.5 43.7 44 1372
3DP 20/07/16 4.5 4.5 4.5 4.5 1250
88E 20/07/16 3.5 3.5 3.4 3.5 23300
88EO 20/07/16 2.5 2.5 2.5 2.5 659
8IH 20/07/16 79 80 79 80 26
A2M 20/07/16 185.5 187 185.5 186.5 4497
A2MKOD 20/07/16 56.5 56.5 56.5 56.5 11
AAA 20/07/16 5013 5014 5013 5013 131
AAC 20/07/16 195 198 195 197.5 3279
AAD 20/07/16 207 209 204.5 205.5 2191
AAJ 20/07/16 1.5 1.5 1.4 1.4 20110
ABA 20/07/16 512 513 512 513 15
ABC 20/07/16 585 588.5 583 587.5 1003
ABP 20/07/16 317 318 312 317.5 300
ABT 20/07/16 85 85 85 85 15
ABU 20/07/16 12.5 13.5 12 12.5 9881
ABV 20/07/16 1.1 1.1 1.1 1.1 26566
ABX 20/07/16 19.5 19.5 19.5 19.5 27
ACB 20/07/16 3.6 3.6 3.6 3.6 592
ACG 20/07/16 14 14 14 14 429
ACL 20/07/16 1.1 1.1 1.1 1.1 527
ACR 20/07/16 73 74.5 73 74 272
ACW 20/07/16 7.4 7.4 7.4 7.4 300
ACX 20/07/16 811 839 811 839 1265
AD1 20/07/16 51 51 48 48 337
ADA 20/07/16 338.5 344 338 340 330
ADD 20/07/16 1.8 1.8 1.8 1.8 500
ADH 20/07/16 234 234 234 234 0
ADJ 20/07/16 12 12 12 12 42
ADN 20/07/16 2.4 2.5 2.4 2.5 829
ADO 20/07/16 4.2 4.2 4.2 4.2 217
ADR 20/07/16 50 52 50 52 542
ADV 20/07/16 2.5 2.6 2.4 2.5 9817
ADX 20/07/16 .6 .6 .6 .6 634
ADY 20/07/16 1 1 1 1 100
AEF 20/07/16 8800 8800 8700 8700 0
AEG 20/07/16 116 116 116 116 46
AFG 20/07/16 100 102 100 102 858
AFI 20/07/16 571 573 570 573 759
AFY 20/07/16 231 240 228 238 696
AGF 20/07/16 88 88.5 88 88.5 540
AGG 20/07/16 543 560 543 560 10
AGI 20/07/16 210 211 209 209.5 1511
AGL 20/07/16 2053 2058 2026 2049 1925
AGLHA 20/07/16 10339 10340 10339 10340 0
AGO 20/07/16 1.2 1.2 1.1 1.1 36592
AGOO 20/07/16 .1 .1 .1 .1 1000
AGS 20/07/16 4.6 4.6 4.6 4.6 4987
AGX 20/07/16 1 1 1 1 500
AGY 20/07/16 3.1 3.1 3.1 3.1 864
AHG 20/07/16 430 433 427 433 14362
AHY 20/07/16 218 218.5 213 214 3373
AHZ 20/07/16 40 41.5 39 41.5 7282
AIA 20/07/16 658 664 658 661 236
AIO 20/07/16 900 904.5 898 903 2399
AIS 20/07/16 4.5 4.5 4.5 4.5 4910
AIZ 20/07/16 210 210 207 209 207
AJA 20/07/16 689 695 688 690.5 64
AJD 20/07/16 154 154.5 154 154 366
AJM 20/07/16 16.5 17 16.5 16.5 7062
AJQ 20/07/16 9 10 9 10 1204
AJX 20/07/16 69.5 70 69.5 69.5 169
AKK 20/07/16 .7 .7 .7 .7 178462
AKM 20/07/16 2 2 2 2 5
AKP 20/07/16 3395 3480 3375 3430 239
ALC 20/07/16 3.5 3.5 3.5 3.5 1706
ALF 20/07/16 144.5 144.5 144.5 144.5 130
ALI 20/07/16 186.5 188 186.5 188 518
ALK 20/07/16 22.5 22.5 21.5 22.5 1673
ALL 20/07/16 1447 1485 1447 1478 4720
ALLKOA 20/07/16 352 357 352 357 35
ALLKOP 20/07/16 393 393 393 393 10
ALLKOU 20/07/16 206 206 201 201 24
ALQ 20/07/16 508 511 503 505 1149
ALT 20/07/16 .9 .9 .9 .9 8000
ALTOA 20/07/16 .4 .4 .4 .4 1100
ALU 20/07/16 688 699 684 699 2190
ALUKOB 20/07/16 111 111 111 111 30
ALY 20/07/16 2.4 2.5 2.3 2.5 1933
AMA 20/07/16 92.5 93 92 93 1049
AMC 20/07/16 1552 1552 1537.5 1550 5415
AMI 20/07/16 18.5 19 18.5 18.5 2714
AMP 20/07/16 570 570 565 568 7429
AMPHA 20/07/16 10215 10216 10215 10215 3
AMPISI 20/07/16 290 290 290 290 80
AMPKOV 20/07/16 135.5 135.5 135.5 135.5 20
AMPPA 20/07/16 10413 10469 10413 10469 3
ANG 20/07/16 10 10.5 10 10.5 4126
ANN 20/07/16 1950 1968 1947.5 1949.5 1249
ANQ 20/07/16 .2 .2 .2 .2 10000
ANW 20/07/16 1 1 1 1 1611
ANZ 20/07/16 2499 2514 2495 2502 11168
ANZHA 20/07/16 10130 10145 10130 10145 6
ANZKOQ 20/07/16 151.5 151.5 151.5 151.5 15
ANZPA 20/07/16 10093 10095 10090 10090 24
ANZPC 20/07/16 10220 10220 10200 10200 2
ANZPD 20/07/16 9674.9 9674.9 9665 9674 8
ANZPE 20/07/16 9396 9415 9396 9415 12
ANZPF 20/07/16 9575 9580 9575 9580 6
ANZQOR 20/07/16 224 225 224 225 50
AOG 20/07/16 342 343 340 343 665
AOH 20/07/16 14.5 15 14.5 14.5 7793
AOK 20/07/16 5.3 5.3 5.3 5.3 200
AON 20/07/16 12 12 12 12 186
AOP 20/07/16 8.8 8.8 8.8 8.8 500
AOW 20/07/16 15 15 15 15 400
APA 20/07/16 949 953.5 942.5 953 2281
APAKOR 20/07/16 220 220 220 220 2
APE 20/07/16 1195 1197 1182 1184 117
APG 20/07/16 1.5 1.5 1.2 1.3 126878
API 20/07/16 175.5 179 173.5 179 1957
APN 20/07/16 401 404 400 402 166
APO 20/07/16 772 772 768 770 760
APX 20/07/16 316 324 314 317 1274
APY 20/07/16 .9 .9 .9 .9 2500
APZ 20/07/16 121 121 121 121 0
AQC 20/07/16 2 2 2 2 1000
AQF 20/07/16 181 181 181 181 136
AQG 20/07/16 332 333 326 330 499
AQHHA 20/07/16 10320 10340 10320 10320 6
AQI 20/07/16 21 22.5 20 22.5 1222
AQQ 20/07/16 2.5 2.5 2.5 2.5 5179
AQZ 20/07/16 50.5 50.5 50 50 315
ARB 20/07/16 1795 1798 1781 1792 169
ARD 20/07/16 3.6 3.6 3.6 3.6 1086
ARE 20/07/16 1.3 1.3 1.3 1.3 120
ARF 20/07/16 210 211 206 209 23
ARG 20/07/16 735 739 735 739 421
ARM 20/07/16 9 9 9 9 100
ARU 20/07/16 8.1 8.1 8 8 890
ARX 20/07/16 57 57 57 57 0
ASB 20/07/16 108.5 109 106.5 107 2657
ASH 20/07/16 21 21.5 21 21.5 217
ASL 20/07/16 92 93.5 91.2 93.5 1046
AST 20/07/16 170 172 168 171.5 14812
ASX 20/07/16 4872 4906 4872 4897 764
ASXKOP 20/07/16 812 812 812 812 2
ASY 20/07/16 1.7 1.7 1.7 1.7 2000
ATA 20/07/16 2.5 2.5 2.5 2.5 100
ATC 20/07/16 17 17 17 17 330
ATU 20/07/16 62 64.5 62 64.5 492
AUB 20/07/16 971 971 969 971 1
AUQ 20/07/16 2.6 2.6 2.4 2.4 11000
AUQRA 20/07/16 .5 .5 .5 .5 989
AUZ 20/07/16 1.4 1.4 1.4 1.4 2800
AVB 20/07/16 6.3 6.4 6.3 6.4 1500
AVG 20/07/16 51 51 51 51 234
AVH 20/07/16 9.1 9.2 9.1 9.1 1648
AVJ 20/07/16 64 64 64 64 144
AVL 20/07/16 1.5 1.5 1.4 1.4 22456
AVN 20/07/16 239 239 238 238 17
AVQ 20/07/16 31.5 31.5 31.5 31.5 132
AVX 20/07/16 3.6 3.6 3.6 3.6 185
AWC 20/07/16 137.5 138.5 134.5 135 31199
AWCKOC 20/07/16 34 34 34 34 200
AWE 20/07/16 94 94.5 92 93 2833
AWV 20/07/16 15 15 14.5 15 4058
AXE 20/07/16 7.7 7.7 7.7 7.7 345
AYC 20/07/16 3.3 3.3 3.3 3.3 4700
AYS 20/07/16 200 207 199.7 207 1828
AZJ 20/07/16 497 499 492 495.5 11892
AZM 20/07/16 5 5 4.9 4.9 8506
AZS 20/07/16 4 4 4 4 18900
AZV 20/07/16 6 6 5.1 5.1 432
AZY 20/07/16 6.6 6.7 6 6.2 30182
BAL 20/07/16 1169 1176 1165 1174.5 1091
BALKOB 20/07/16 379 379 379 379 10
BAP 20/07/16 554 558 551.5 558 605
BAU 20/07/16 6 6 6 6 42
BBG 20/07/16 157 160 157 159 503
BBN 20/07/16 250 250 249 250 608
BBOZ 20/07/16 2227 2227 2216 2220 147
BBR 20/07/16 6.5 6.5 5.8 5.8 1670
BBUS 20/07/16 984 984 984 984 15
BBX 20/07/16 2.3 2.4 2.3 2.4 6780
BCI 20/07/16 15 15 14.5 15 3234
BCN 20/07/16 .6 .7 .6 .7 204634
BDR 20/07/16 45 45.5 44.5 45 9971
BEAR 20/07/16 1638 1638 1635 1635 13
BEN 20/07/16 988 994.5 984 986.5 2819
BENPD 20/07/16 10293 10293 10293 10293 5
BENPE 20/07/16 9490 9490 9490 9490 2
BFC 20/07/16 43.5 44 43 44 690
BFG 20/07/16 60 60 60 60 1500
BGA 20/07/16 575 575 569 570 503
BGL 20/07/16 72 72 72 72 738
BGS 20/07/16 31.5 31.5 31.5 31.5 1289
BHP 20/07/16 1902 1926 1901 1903 70769
BHPIOA 20/07/16 469 469 469 469 7
BHPIOV 20/07/16 918 918 918 918 5
BHPIOZ 20/07/16 634 634 634 634 50
BHPISC 20/07/16 213 213 213 213 50
BHPJOD 20/07/16 659 659 658 658 86
BHPKOB 20/07/16 417 419 415 415 135
BHPKOF 20/07/16 165 165 165 165 4
BHPKOT 20/07/16 485 485 485 485 50
BHPKOX 20/07/16 565 565 565 565 10
BHPLOE 20/07/16 272 272 272 272 10
BHPLOP 20/07/16 412 412 412 412 3
BHPWOF 20/07/16 32 32 32 32 200
BHPWOU 20/07/16 38 38 38 38 500
BHPXOC 20/07/16 98 103 94 94 150
BID 20/07/16 11 11 10 10.5 37313
BIDO 20/07/16 4 4.1 4 4.1 1634
BIG 20/07/16 12 12 12 12 260
BIT 20/07/16 6.6 6.8 6.6 6.8 1728
BITO 20/07/16 .9 1 .9 1 1000
BKI 20/07/16 158.5 158.5 158 158.5 917
BKL 20/07/16 15266 15266 15058 15221 86
BKLKOB 20/07/16 2347 2347 2347 2347 0
BKN 20/07/16 116 118 110 110 1336
BKT 20/07/16 16.5 17 16.5 17 1327
BKW 20/07/16 1510 1510 1496.5 1509 226
BKY 20/07/16 77 79 77 77.5 596
BLA 20/07/16 790 795 790 790 1780
BLD 20/07/16 660 665 659.5 663.5 3634
BLG 20/07/16 20.5 23 20.5 23 8865
BLK 20/07/16 81 84 81 83.5 3207
BLT 20/07/16 12 13.5 12 12.5 4364
BLX 20/07/16 137.5 139.5 137 139.5 2065
BLZ 20/07/16 7.8 7.8 7.8 7.8 656
BMG 20/07/16 1.3 1.3 1.3 1.3 166
BML 20/07/16 .5 .5 .4 .4 11000
BMLOB 20/07/16 .1 .1 .1 .1 10000
BMN 20/07/16 2.9 2.9 2.9 2.9 380
BNO 20/07/16 30 30 29.5 30 1239
BNR 20/07/16 3.2 3.2 3 3 2300
BOL 20/07/16 9 9.1 9 9.1 1800
BOQ 20/07/16 1034 1039 1026 1026 2396
BOT 20/07/16 4 4.3 4 4.1 56363
BPF 20/07/16 36 36.5 36 36.5 749
BPL 20/07/16 8.2 8.2 8.1 8.1 500
BPT 20/07/16 63 63 61 61.2 34805
BRB 20/07/16 21 21 21 21 260
BRG 20/07/16 785 785 773 784 163
BRL 20/07/16 1.6 1.6 1.6 1.6 5619
BRN 20/07/16 14 14 14 14 653
BSA 20/07/16 29 29 28 28 570
BSE 20/07/16 15.5 15.5 14.5 15 2119
BSL 20/07/16 780 795 772 790.5 15907
BSLKOD 20/07/16 249 261 249 261 200
BSLKOR 20/07/16 240 240 240 240 300
BSM 20/07/16 1.5 1.5 1.5 1.5 2500
BTT 20/07/16 865 865 858 860 898
BUD 20/07/16 11 11 11 11 1012
BUY 20/07/16 .9 .9 .9 .9 440
BWF 20/07/16 54 54 54 54 623
BWP 20/07/16 375 376 373 376 741
BWX 20/07/16 515 515 508 514 79
BXB 20/07/16 1310 1320 1301 1317 3546
BYR 20/07/16 8 8.2 7.8 7.8 26127
BYRO 20/07/16 2.8 2.9 2.7 2.7 20938
CAA 20/07/16 18.5 18.5 18.5 18.5 4087
CAB 20/07/16 374 375 370 373 65
CAD 20/07/16 .6 .6 .5 .5 301880
CAE 20/07/16 2 2 2 2 498
CAJ 20/07/16 16 16.5 16 16.2 711
CAM 20/07/16 76 76 76 76 177
CAR 20/07/16 1222 1239 1221 1238 1631
CAS 20/07/16 16 16 16 16 76
CAT 20/07/16 408 408 400 400 1423
CAV 20/07/16 1.9 1.9 1.9 1.9 8087
CAZ 20/07/16 7 7 7 7 590
CBA 20/07/16 7620 7640 7590 7627 3924
CBAISC 20/07/16 941 941 941 941 26
CBAIWF 20/07/16 1593 1603 1589 1589 350
CBAJOF 20/07/16 1244 1244 1244 1244 5
CBAJOK 20/07/16 1719 1719 1699 1713 30
CBALOX 20/07/16 485 487 485 487 8
CBAPC 20/07/16 10200 10200 10195 10195 19
CBAPD 20/07/16 9050 9076 9050 9076 17
CBAPE 20/07/16 10399.9 10400 10399 10400 49
CBAQOE 20/07/16 948 948 943 943 10
CBASMY 20/07/16 5719 5719 5719 5719 1
CBL 20/07/16 268 268 268 268 43
CCL 20/07/16 906 909 901 903 1819
CCP 20/07/16 1286 1287 1271 1273 242
CCV 20/07/16 43 43.5 43 43.2 466
CDA 20/07/16 110 110 109 109 55
CDD 20/07/16 61 61.5 59.5 60 680
CDG 20/07/16 6 6 6 6 600
CDM 20/07/16 122.5 122.5 122.5 122.5 10
CDP 20/07/16 790 800 790 800 36
CDU 20/07/16 48 49.2 47.5 47.5 318
CDV 20/07/16 34.5 34.5 34 34 1885
CDVOA 20/07/16 18.5 19.5 18.5 19.5 550
CDY 20/07/16 3.7 4.1 3.7 3.8 175382
CDYO 20/07/16 .5 .8 .5 .7 10883
CEL 20/07/16 2.8 2.8 2.8 2.8 180
CGC 20/07/16 290 293 289 293 755
CGF 20/07/16 902 909 902 906 1490
CGFPA 20/07/16 9639 9639 9639 9639 1
CGL 20/07/16 524 524 524 524 0
CGN 20/07/16 7.4 7.4 7.4 7.4 883
CGR 20/07/16 20 20 20 20 27
CHC 20/07/16 556 556 551 553.5 755
CHN 20/07/16 19 19 19 19 3898
CHP 20/07/16 .5 .5 .4 .4 61060
CIA 20/07/16 25 25 25 25 144
CIEO 20/07/16 1.1 1.1 1.1 1.1 200
CIM 20/07/16 2850 2850 2655 2686.5 5533
CIMKOP 20/07/16 1334 1469 1331 1425 32
CIN 20/07/16 3193 3195 3193 3195 4
CIW 20/07/16 61.5 61.5 61.5 61.5 56
CIZ 20/07/16 2 2 2 2 750
CKF 20/07/16 420 422 417 417 424
CL1 20/07/16 347 348 345 346 222
CLH 20/07/16 114.5 114.5 114 114 273
CLQ 20/07/16 43.5 43.5 43.5 43.5 692
CLX 20/07/16 84 84 84 84 12
CLZ 20/07/16 .6 .6 .6 .6 1000
CMA 20/07/16 218 220 218 220 11
CMM 20/07/16 14 14 14 14 1621
CMP 20/07/16 42.5 42.5 38 38 625
CMW 20/07/16 107.5 108.5 107.2 108.5 5362
CMY 20/07/16 .4 .4 .4 .4 2500
CND 20/07/16 17.5 17.5 17.5 17.5 514
CNGHA 20/07/16 10125 10130 10125 10126 14
CNI 20/07/16 105 105 105 105 89
CNU 20/07/16 403 405 401 404 688
CNX 20/07/16 1.2 1.2 1.2 1.2 1200
COE 20/07/16 23 23 23 23 181
COH 20/07/16 12551 12597 12427 12584 380
COO 20/07/16 8 8 8 8 33
COY 20/07/16 .9 .9 .9 .9 2000
CPU 20/07/16 883 901 882 900.5 4712
CPUJOP 20/07/16 218 219 218 219 35
CQR 20/07/16 485 489 483 487.5 531
CRB 20/07/16 21 21 21 21 100
CRL 20/07/16 4.2 4.2 4.2 4.2 548
CSE 20/07/16 35.5 38 35 36.5 3250
CSL 20/07/16 11508 11651 11439 11615 1576
CSLKOK 20/07/16 2218 2281 2198 2280 9
CSR 20/07/16 388 391 383 386.5 4580
CSS 20/07/16 5.3 5.4 5.3 5.3 456
CSV 20/07/16 147 151.5 147 149.5 645
CTD 20/07/16 1450 1454 1441 1447.5 387
CTM 20/07/16 1.4 1.4 1.4 1.4 1200
CTN 20/07/16 106 106 105 106 1021
CTO 20/07/16 1.6 1.6 1.6 1.6 7108
CTP 20/07/16 11 11 11 11 20
CTX 20/07/16 3228 3231 3202 3220.5 3883
CTXHA 20/07/16 10335 10350 10335 10335 6
CUP 20/07/16 89 89 89 89 20
CUV 20/07/16 502 502 500 501 110
CV1 20/07/16 15 15 15 15 20
CVN 20/07/16 11.5 11.5 11.5 11.5 3661
CVO 20/07/16 126 126.5 124.5 125.5 1055
CVT 20/07/16 20 20.5 20 20.5 386
CVW 20/07/16 93 93.5 93 93.5 1
CWE 20/07/16 3.1 3.1 3.1 3.1 892
CWN 20/07/16 1275 1278 1269 1277.5 1322
CWNHA 20/07/16 9749 9765 9748 9765 8
CWNHB 20/07/16 8590 8623.8 8590 8623.8 3
CWNISI 20/07/16 549 549 549 549 20
CWP 20/07/16 459 468 459 466 124
CWY 20/07/16 82 83 81.5 81.7 6896
CXO 20/07/16 3.5 3.5 3.5 3.5 2009
CYA 20/07/16 84 84 84 84 210
CYB 20/07/16 425 425 420 421.5 2435
CYG 20/07/16 108 109 108 109 144
CYP 20/07/16 31.5 31.5 31.5 31.5 34
CYU 20/07/16 .8 .8 .8 .8 2000
CYY 20/07/16 5.2 5.3 5.2 5.3 3500
CZL 20/07/16 4.3 4.5 4.3 4.5 4330
CZN 20/07/16 .8 .8 .8 .8 15000
CZZ 20/07/16 2115 2120 2101 2120 27
D13 20/07/16 12.5 12.5 12.5 12.5 800
DAF 20/07/16 2.1 2.1 2.1 2.1 1000
DCC 20/07/16 14.5 14.5 14.5 14.5 324
DCG 20/07/16 78 78.5 78 78.5 45
DCN 20/07/16 342 349 342 345 97
DDR 20/07/16 177.5 177.5 177 177 57
DDT 20/07/16 2 2.1 2 2 2939
DEG 20/07/16 .4 .4 .3 .4 145683
DFM 20/07/16 153 153 152 152 46
DGR 20/07/16 3.3 3.4 3.3 3.4 900
DHR 20/07/16 .5 .5 .5 .5 1960
DJRE 20/07/16 2234 2234 2234 2234 5
DJW 20/07/16 399 400 395 395 576
DKM 20/07/16 21 21 21 21 200
DKO 20/07/16 7.3 7.5 7.3 7.4 8136
DLX 20/07/16 668 669 659 659 2277
DMP 20/07/16 7200 7352 7200 7348.5 509
DMPKOS 20/07/16 1400 1404 1363 1366 25
DNK 20/07/16 42.5 42.5 41 42 273
DOW 20/07/16 417 417 409 409.5 2368
DRA 20/07/16 35 35 35 35 70
DRK 20/07/16 .2 .2 .2 .2 5000
DRM 20/07/16 115 115.5 113.5 114 2241
DRO 20/07/16 24 24 24 24 53
DSX 20/07/16 4.7 4.7 4.7 4.7 320
DTI 20/07/16 35.5 35.5 35.5 35.5 132
DTL 20/07/16 112 112 112 112 96
DUB 20/07/16 41.5 43 41.5 42.5 835
DUE 20/07/16 259 260 256 257.5 19203
DUI 20/07/16 333 333 333 333 197
DVA 20/07/16 70 70 70 70 90
DVL 20/07/16 31.5 31.5 31.5 31.5 8
DXB 20/07/16 .8 .8 .8 .8 750
DXF 20/07/16 65 65 65 65 0
DXS 20/07/16 940 948 939 945.5 3999
DYE 20/07/16 19.5 20 19.5 20 228
DYL 20/07/16 .5 .5 .5 .5 950
EAI 20/07/16 81 81 81 81 90
EAR 20/07/16 25 25 25 25 100
EAX 20/07/16 106 106 106 106 114
EBG 20/07/16 7.3 7.3 7.3 7.3 250
ECO 20/07/16 .6 .6 .6 .6 2272
ECX 20/07/16 369 374 367 373.5 474
EDE 20/07/16 25 25 24 24.2 3265
EDEO 20/07/16 21.5 21.5 21.5 21.5 200
EEG 20/07/16 1.8 1.8 1.8 1.8 2083
EGG 20/07/16 117 117 117 117 65
EGS 20/07/16 51.5 51.5 48.5 48.5 807
EHE 20/07/16 485 487 482 484 320
ELD 20/07/16 370 372 370 372 481
ELX 20/07/16 118 120 118 120 1215
EMB 20/07/16 810 810 810 810 6
EMH 20/07/16 37 38 37 37.5 1484
EML 20/07/16 143 144 142.5 143 579
EMR 20/07/16 4.7 4.9 4.6 4.8 11757
ENN 20/07/16 195 195 195 195 12
ENR 20/07/16 14 14 14 14 12
ENT 20/07/16 2 2 2 2 700
EOS 20/07/16 177.5 177.5 171 171 56
EPD 20/07/16 38 38.5 37 38.5 649
EPW 20/07/16 94 94 90.5 90.5 2490
EQT 20/07/16 1681 1681 1681 1681 0
EQX 20/07/16 34 35 34 35 1234
ERJ 20/07/16 2.3 2.3 2.3 2.3 410
ERL 20/07/16 2.3 2.3 2.3 2.3 6656
ERM 20/07/16 10.5 10.5 10.5 10.5 4587
ESIOB 20/07/16 .6 .6 .6 .6 0
ESR 20/07/16 2.1 2.2 2.1 2.2 5114
ETE 20/07/16 .7 .7 .7 .7 547
ETPMAG 20/07/16 2535 2553 2535 2553 16
EVE 20/07/16 1 1 1 1 10000
EVN 20/07/16 280 282 280 281.5 12184
EVT 20/07/16 1520 1522 1513 1520 99
EWC 20/07/16 23.5 23.5 22.2 22.5 2561
EXC 20/07/16 6.6 6.8 6.6 6.8 20719
EXG 20/07/16 5.8 5.8 5.8 5.8 132
EXM 20/07/16 .5 .5 .5 .5 2
EXU 20/07/16 10 10 10 10 2093
EZL 20/07/16 78.5 78.5 78.5 78.5 7
FAN 20/07/16 260 260 260 260 8
FAR 20/07/16 8.2 8.2 8.1 8.1 10358
FBR 20/07/16 2.3 2.4 2.3 2.3 6776
FBU 20/07/16 859 861 857 858 541
FCT 20/07/16 21.5 21.5 21.5 21.5 500
FET 20/07/16 275 279 273 277 312
FFC 20/07/16 17 17 17 17 59
FFT 20/07/16 46 46 46 46 6
FGG 20/07/16 106 106 106 106 1169
FGGO 20/07/16 2 2 2 2 837
FGR 20/07/16 9.8 9.8 9.8 9.8 250
FGX 20/07/16 113.5 114 113.5 113.5 5250
FGXO 20/07/16 2.5 2.6 2.5 2.6 3591
FLK 20/07/16 90 90 90 90 200
FLN 20/07/16 158 158.5 158 158.5 94
FLT 20/07/16 3225 3244 3196 3196 778
FMG 20/07/16 399 408 396.5 400 48349
FMGQOR 20/07/16 90.5 95.5 90.5 95.5 1000
FMGQOU 20/07/16 104.5 106.5 104.5 106.5 500
FMGQOY 20/07/16 130.5 130.5 130.5 130.5 12
FML 20/07/16 63.5 63.5 63 63 203
FMS 20/07/16 2.5 2.5 2.5 2.5 130
FNP 20/07/16 480 480 465 469 268
FPH 20/07/16 954 959 950 955 250
FRI 20/07/16 85 85 85 85 10
FRM 20/07/16 260 260 258 258 72
FSA 20/07/16 103 103 102 102.5 27
FSF 20/07/16 520 520 520 520 0
FSI 20/07/16 147 147 147 147 138
FTT 20/07/16 4.3 4.3 4.1 4.1 1245
FTZ 20/07/16 18 18 18 18 100
FUEL 20/07/16 543 543 543 543 75
FWD 20/07/16 210 210 208 208 605
FXJ 20/07/16 97.5 98 97.2 97.5 19926
FXL 20/07/16 197.5 198 195.7 197 1072
FXUMOT 20/07/16 496 503 496 503 80
GAP 20/07/16 36 37.5 36 37 651
GBE 20/07/16 2.5 2.6 2.5 2.6 949
GBP 20/07/16 3.1 3.1 3.1 3.1 1000
GBT 20/07/16 431 433 430 431 112
GC1 20/07/16 101.5 101.5 101.5 101.5 10
GCN 20/07/16 .7 .7 .7 .7 2500
GCY 20/07/16 61.5 61.5 59 59.5 561
GDI 20/07/16 92.5 92.5 92.2 92.5 105
GDX 20/07/16 3973 3973 3971 3971 18
GDY 20/07/16 2.4 2.4 2.4 2.4 4724
GEAR 20/07/16 1905 1913 1905 1910 31
GED 20/07/16 1.3 1.3 1.3 1.3 294
GEG 20/07/16 124 124 122 122 3634
GEM 20/07/16 394 394 390 392 2424
GER 20/07/16 7.9 7.9 7.9 7.9 80
GFY 20/07/16 103 103 101.5 101.5 53
GHC 20/07/16 204 208 204 206 318
GID 20/07/16 3.3 3.3 3.3 3.3 3768
GJT 20/07/16 246 248 246 248 526
GLAOA 20/07/16 .1 .1 .1 .1 10000
GLF 20/07/16 1 1 .9 1 1175
GLIN 20/07/16 257 257 257 257 190
GMA 20/07/16 284 285 283 283.5 456
GMC 20/07/16 .4 .4 .4 .4 61000
GMD 20/07/16 2.8 2.8 2.7 2.7 5403
GMF 20/07/16 242 244 242 244 657
GMG 20/07/16 740 749.5 737 746 6027
GMM 20/07/16 77 80 77 79 1371
GMPPA 20/07/16 10100 10100 10100 10100 2
GMR 20/07/16 1.1 1.1 1 1 17981
GNC 20/07/16 859 866 858 866 308
GNE 20/07/16 200 200 199 199 33
GNG 20/07/16 135 136 135 135 253
GOLD 20/07/16 16910 16982 16910 16950 50
GOR 20/07/16 67.5 67.5 66.5 66.7 2062
GOW 20/07/16 345 345 345 345 2
GOZ 20/07/16 325 327 325 325 877
GPH 20/07/16 11 11 11 11 525
GPHO 20/07/16 2 2 2 2 267
GPR 20/07/16 4.9 4.9 4.9 4.9 6500
GPT 20/07/16 562 563 560 562.5 3486
GPX 20/07/16 48 48 46.5 47 709
GRB 20/07/16 5.7 5.7 5.7 5.7 300
GRR 20/07/16 12 12 11.5 11.5 240
GRY 20/07/16 18.5 18.5 18.5 18.5 992
GSC 20/07/16 8.6 8.6 8.2 8.2 7461
GTG 20/07/16 1.9 1.9 1.9 1.9 162
GTK 20/07/16 272 273 272 273 969
GTN 20/07/16 219 220 215 218 279
GTY 20/07/16 289 291 282 290.5 671
GUD 20/07/16 970 981 970 977 251
GVF 20/07/16 105.5 105.5 105.5 105.5 100
GWA 20/07/16 203 206 200 202 777
GXL 20/07/16 692 697 690 696 259
GXN 20/07/16 1 1 1 1 9844
GXY 20/07/16 49 49.2 48 48.5 10742
HAVO 20/07/16 15 15 15 15 4
HCH 20/07/16 5.1 5.1 5.1 5.1 251
HEUR 20/07/16 1008 1008 1008 1008 70
HFA 20/07/16 227 227 226 226 40
HFR 20/07/16 142.5 144 142 143 470
HGG 20/07/16 397 398 393 393 2297
HGO 20/07/16 8.7 8.7 8.7 8.7 800
HHL 20/07/16 390 390 390 390 7
HHV 20/07/16 138.5 140 138.5 140 816
HHY 20/07/16 11 11 11 11 350
HIG 20/07/16 6.7 6.7 6.7 6.7 230
HIL 20/07/16 24 24.2 24 24 1376
HJPN 20/07/16 984 984 984 984 40
HLO 20/07/16 336 338 336 338 44
HLX 20/07/16 7.3 7.3 7.3 7.3 973
HMI 20/07/16 6.7 6.7 6.7 6.7 30
HNR 20/07/16 2.7 2.7 2.5 2.5 16950
HOM 20/07/16 45 45 45 45 167
HOR 20/07/16 2.4 2.4 2.4 2.4 250
HPI 20/07/16 328 328 315 324 51
HRR 20/07/16 15.5 15.5 15.5 15.5 767
HSN 20/07/16 370 372 368.5 371 552
HSO 20/07/16 292 297.5 291 296.5 6732
HUO 20/07/16 339 339 339 339 4
HVN 20/07/16 444 447 443 445 2828
HVSJOE 20/07/16 860 860 860 860 10
HVST 20/07/16 2145 2157 2138 2156 263
HXG 20/07/16 17.5 17.5 17 17 233
HZN 20/07/16 4.7 4.7 4.7 4.7 3711
HZR 20/07/16 46 50 46 50 439
HZRO 20/07/16 28 28 28 28 100
IAA 20/07/16 6200 6200 6168 6168 15
IAF 20/07/16 10842 10850 10842 10850 7
IAG 20/07/16 580 583 576 579.5 4314
IAGKOR 20/07/16 165.5 165.5 163.5 163.5 22
IAGPC 20/07/16 10250 10260 10250 10260 4
IANG 20/07/16 10035 10035 10031 10031 4
IAU 20/07/16 13 13 13 13 3
IBC 20/07/16 46.5 46.5 46.5 46.5 507
IBG 20/07/16 5.8 6.1 5.8 6 17019
ICG 20/07/16 .4 .4 .4 .4 10757
ICQ 20/07/16 80 80 79.7 80 77
ICU 20/07/16 9.5 9.5 9.5 9.5 461
IDR 20/07/16 226 226 223 226 75
IDT 20/07/16 25 25 24.5 24.5 279
IDX 20/07/16 158 159.5 158 159 461
IEC 20/07/16 1.1 1.1 1.1 1.1 9000
IEL 20/07/16 419 424 419 423 71
IEM 20/07/16 4745 4753 4738 4753 24
IEU 20/07/16 5073 5073 5044 5044 80
IFL 20/07/16 864 871 864 869 701
IFM 20/07/16 62 63 61.5 62.5 12755
IFN 20/07/16 119 119 118 118.7 1603
IGL 20/07/16 225 225 224 224 2
IGO 20/07/16 411 416.5 400 400 11175
IGOKOA 20/07/16 306 306 306 306 5
IGOKOD 20/07/16 254 254 254 254 10
IGOKOR 20/07/16 195.5 206 195.5 206 120
IIL 20/07/16 38 38 38 38 151
IJH 20/07/16 20500 20500 20500 20500 1
IJP 20/07/16 1576 1580 1576 1577 39
IJR 20/07/16 16172 16172 16172 16172 0
IKO 20/07/16 7166 7166 7166 7166 1
ILC 20/07/16 2221 2221 2204 2204 64
ILU 20/07/16 690 694 674 674.5 5223
IMD 20/07/16 31.5 31.5 31.5 31.5 330
IMF 20/07/16 159 160 157.7 158.2 753
INA 20/07/16 286 288 286 287 1658
IND 20/07/16 1.3 1.3 1.3 1.3 8
INM 20/07/16 5344 5363 5321 5357 2548
INV 20/07/16 33 33 33 33 740
IOD 20/07/16 3.8 3.8 3.8 3.8 975
IOF 20/07/16 441 445 440 444 961
IOO 20/07/16 9829 9829 9821 9821 3
IOT 20/07/16 6.7 7.2 6.6 6.9 124001
IOZ 20/07/16 2240 2240 2240 2240 0
IPD 20/07/16 123 126.5 121 125 2284
IPH 20/07/16 640 640 632 639 1911
IPL 20/07/16 288 289 285 288 6760
IPT 20/07/16 3.4 3.4 3.4 3.4 1000
IRE 20/07/16 1136 1154 1127 1152 883
IRI 20/07/16 207 207 205 207 388
IRM 20/07/16 4 4 4 4 335
ISD 20/07/16 343 343 336 339 1176
ISO 20/07/16 440 440 440 440 76
ISU 20/07/16 112.5 117 112.5 117 504
ISX 20/07/16 22 23 22 22.5 1808
ITD 20/07/16 18 18 18 18 15
ITW 20/07/16 1979 1979 1979 1979 5
IVC 20/07/16 1433 1436 1417 1433 308
IVE 20/07/16 7550 7550 7550 7550 7
IVR 20/07/16 5.3 5.3 5 5 21479
IVV 20/07/16 28955 28984 28955 28960 19
IXI 20/07/16 13334 13374 13327 13327 10
IXJ 20/07/16 13776 13776 13714 13773 9
IXP 20/07/16 8425 8425 8425 8425 3
IZZ 20/07/16 4684 4684 4670 4670 4
JBH 20/07/16 2492 2509 2487 2505 680
JCS 20/07/16 2.3 2.3 2 2.3 62159
JHC 20/07/16 267 267 262 262.5 805
JHL 20/07/16 10 10 10 10 261
JHX 20/07/16 2194 2232 2182 2207 1475
JIN 20/07/16 165 165 165 165 30
JKA 20/07/16 .3 .3 .3 .3 247
JKL 20/07/16 22.5 22.5 22.5 22.5 70
JRV 20/07/16 5.2 5.2 5.2 5.2 956
KAR 20/07/16 132 135.5 132 135 1253
KBC 20/07/16 16 16 16 16 1074
KBL 20/07/16 .9 .9 .8 .8 7350
KDR 20/07/16 31 33.5 31 33 24289
KDRO 20/07/16 18.5 19 18.5 19 1800
KEY 20/07/16 .4 .4 .4 .4 250
KFE 20/07/16 1.6 1.6 1.6 1.6 532
KGD 20/07/16 3.5 3.5 3.4 3.4 5574
KGN 20/07/16 153 153 151 151 578
KII 20/07/16 226 226 226 226 62
KIN 20/07/16 25.5 26 25 25 1137
KKL 20/07/16 1.2 1.2 1.2 1.2 750
KMD 20/07/16 161 163 161 162.5 84
KME 20/07/16 28 29 28 29 525
KNL 20/07/16 26.5 26.5 26.5 26.5 877
KNM 20/07/16 1.4 1.4 1.4 1.4 6000
KNO 20/07/16 28 28 27 27 535
KPC 20/07/16 5 5 5 5 174
KRL 20/07/16 .6 .6 .6 .6 2460
KSC 20/07/16 131 131 131 131 12
KSL 20/07/16 104.5 104.5 104 104 825
KSN 20/07/16 1.9 1.9 1.9 1.9 7900
LAA 20/07/16 27 27 27 27 103
LCM 20/07/16 41 41 40 40 111
LCT 20/07/16 9.5 9.5 9.5 9.5 512
LEG 20/07/16 .9 .9 .9 .9 3750
LEP 20/07/16 438 438 434 434 132
LER 20/07/16 12 12 12 12 350
LFC 20/07/16 1.2 1.2 1.2 1.2 21
LIC 20/07/16 289 290 288 290 277
LIT 20/07/16 28 28 27.5 27.5 2720
LLC 20/07/16 1255 1258.5 1242 1242 3099
LLO 20/07/16 96 96 96 96 59
LNG 20/07/16 67.5 68 66 66 8228
LNK 20/07/16 880 882 877 881 1071
LNY 20/07/16 .3 .3 .3 .3 85
LOM 20/07/16 41 41.5 41 41.5 2091
LOV 20/07/16 249 249.5 240 242 304
LPE 20/07/16 3.9 3.9 3.9 3.9 256
LPI 20/07/16 34 35.5 28.5 33.5 17323
LRS 20/07/16 1.6 1.6 1.6 1.6 2600
LVH 20/07/16 16 16 16 16 50
LWP 20/07/16 .5 .5 .4 .4 58460
LYC 20/07/16 7.5 7.6 7.5 7.6 21382
LYL 20/07/16 213 213 213 213 67
M7T 20/07/16 4.4 4.4 4.4 4.4 703
MA1 20/07/16 93.5 93.5 93.5 93.5 5
MA1O 20/07/16 2.8 2.8 2.8 2.8 160
MAD 20/07/16 9.3 9.8 9.3 9.8 3647
MAH 20/07/16 9.8 10 9.7 9.7 1153
MAQ 20/07/16 1225 1250 1225 1250 21
MAU 20/07/16 7.2 7.2 7.2 7.2 2500
MBE 20/07/16 35 35 35 35 1912
MBK 20/07/16 2.7 2.8 2.7 2.7 34229
MBLPA 20/07/16 9771 9780 9770 9780 7
MCE 20/07/16 52 52 51.5 51.5 55
MCR 20/07/16 39.5 39.5 39.5 39.5 1050
MCS 20/07/16 1.6 2 1.6 1.9 8278
MCT 20/07/16 7 7 7 7 692
MDI 20/07/16 8.1 8.1 8 8 830
MDL 20/07/16 33.5 33.5 32.5 33 1364
MEA 20/07/16 110 113 110 111.5 1723
MEB 20/07/16 37.5 37.5 33 33 2872
MEI 20/07/16 1.2 1.2 1.2 1.2 1545
MEL 20/07/16 5.6 5.6 5.6 5.6 3700
MEO 20/07/16 3.1 3.2 3.1 3.2 2800
MEY 20/07/16 21.5 21.5 21.5 21.5 26
MFF 20/07/16 182.5 184 182.5 183 179
MFG 20/07/16 2165 2218 2165 2218 694
MGC 20/07/16 126 128 126 127 342
MGE 20/07/16 250 251 250 251 679
MGR 20/07/16 218 220 216 216 19979
MGT 20/07/16 6.9 6.9 6.7 6.7 1140
MGV 20/07/16 6 6 6 6 767
MGX 20/07/16 30.5 31 30.5 31 1264
MHG 20/07/16 242 242 242 242 100
MHJ 20/07/16 126 126 125 126 335
MIN 20/07/16 956 956 938 944 1373
MIR 20/07/16 301 302 300 302 160
MJP 20/07/16 54.5 55 53.5 54.5 246
MKO 20/07/16 6.2 6.3 6.2 6.2 16285
MLB 20/07/16 173.5 173.7 173.2 173.2 26
MLD 20/07/16 161 162 157.2 160.5 4204
MLM 20/07/16 3.6 3.6 3.6 3.6 1500
MLS 20/07/16 .2 .2 .2 .2 2500
MLT 20/07/16 428 429 427 428 235
MLX 20/07/16 163 163 160 161.5 1308
MMI 20/07/16 8.6 8.6 8.6 8.6 518
MMJ 20/07/16 27.5 27.5 27 27 275
MML 20/07/16 75 77.2 75 75 2200
MMR 20/07/16 3.6 3.6 3.6 3.6 139
MMS 20/07/16 1450 1466 1440 1465 167
MNC 20/07/16 .3 .3 .3 .3 50000
MND 20/07/16 879 880 855 860 410
MNF 20/07/16 395 395 395 395 30
MNM 20/07/16 1.5 1.6 1.5 1.6 350
MNS 20/07/16 92 92 88.5 89 6092
MNSO 20/07/16 78.5 78.5 78.5 78.5 313
MNW 20/07/16 8.7 8.8 8.7 8.8 724
MNY 20/07/16 125 125 123.5 125 255
MOC 20/07/16 202 205 202 203 262
MOQ 20/07/16 27 27 27 27 100
MOX 20/07/16 2.2 2.7 2.2 2.2 337350
MOY 20/07/16 25.5 26.5 25.5 26.5 22688
MP1 20/07/16 206 206 204 206 127
MPL 20/07/16 300 301 299 300.5 6770
MQA 20/07/16 538 543 534 542.5 12786
MQG 20/07/16 7300 7320 7255 7279 1334
MQGKOD 20/07/16 889 895 889 895 10
MQGKOR 20/07/16 1119 1130 1119 1130 30
MQGPA 20/07/16 10088 10090 10083 10090 13
MQGPB 20/07/16 10400 10405 10385 10405 13
MQGXOR 20/07/16 272 274 272 274 20
MRD 20/07/16 1.9 1.9 1.9 1.9 26450
MRM 20/07/16 30.5 30.5 30 30 401
MSB 20/07/16 114.5 114.5 111.5 111.5 243
MSM 20/07/16 13 13 13 13 4676
MSP 20/07/16 3.1 3.1 3 3 1539
MSR 20/07/16 .3 .3 .3 .3 10000
MTA 20/07/16 5.7 5.7 5.7 5.7 600
MTH 20/07/16 .7 .8 .7 .8 1279
MTL 20/07/16 5.6 5.6 5.6 5.6 69
MTM 20/07/16 30.5 30.5 30.5 30.5 100
MTO 20/07/16 286 286 286 286 85
MTR 20/07/16 325 328 324 326 1612
MTS 20/07/16 199.5 205 199 205 6187
MUA 20/07/16 92 92 92 92 3
MUS 20/07/16 4.9 4.9 4.8 4.8 8358
MVB 20/07/16 2416 2416 2416 2416 6
MVE 20/07/16 800 800 800 800 1
MVF 20/07/16 200 204 199.5 204 1122
MVW 20/07/16 2423 2423 2412 2413 25
MWR 20/07/16 83 83 83 83 6
MX1 20/07/16 32 32 32 32 220
MXC 20/07/16 5.1 5.1 4.7 4.8 21838
MXI 20/07/16 46 47 46 47 640
MXR 20/07/16 .3 .3 .3 .3 2000
MXUPA 20/07/16 7140 7140 7123 7123 1
MYE 20/07/16 17 17 17 17 300
MYO 20/07/16 362 364 361 363.5 1313
MYR 20/07/16 123.5 124.5 121.5 123 6879
MYS 20/07/16 413 415 413 415 1
MYX 20/07/16 198 198 197 197.7 64943
MZI 20/07/16 40 40 38.5 39.5 572
MZM 20/07/16 21.5 22 21.5 22 1000
MZN 20/07/16 1.6 1.6 1.6 1.6 29417
NAB 20/07/16 2600 2613 2581 2587 11114
NABHA 20/07/16 6502 6545 6502 6519 23
NABHB 20/07/16 10139 10140 10135 10140 8
NABKOV 20/07/16 220 241 220 241 80
NABLOC 20/07/16 192 192 170.5 170.5 8
NABLOQ 20/07/16 176 176 176 176 5
NABPA 20/07/16 9818.1 9850 9818.1 9839 67
NABPB 20/07/16 9579 9580 9560.1 9560.1 8
NABPC 20/07/16 9750 9750 9721 9730 11
NABPD 20/07/16 10097 10100 10090.1 10100 168
NAC 20/07/16 102.5 102.5 102.5 102.5 250
NAE 20/07/16 1 1 1 1 4121
NAN 20/07/16 240 244 238 243 767
NCK 20/07/16 472 473 468 470 263
NCM 20/07/16 2428 2440 2403 2426 6450
NCMKOC 20/07/16 275 275 250 250 10
NCMLOB 20/07/16 215 215 215 215 5
NCMLON 20/07/16 300 300 300 300 7
NDQ 20/07/16 1068 1068 1067 1067 73
NEA 20/07/16 53 53.5 52.5 52.5 1119
NEC 20/07/16 113.5 114 113 113.7 2862
NEU 20/07/16 5.8 5.8 5.5 5.7 6161
NFNG 20/07/16 8500 8500 8500 8500 2
NGE 20/07/16 1.9 1.9 1.9 1.9 2522
NHC 20/07/16 172 175 171.5 171.5 432
NHF 20/07/16 458 466 455 466 661
NIU 20/07/16 .5 .5 .4 .4 29000
NML 20/07/16 4 4 4 4 71
NMM 20/07/16 7.5 7.5 7.5 7.5 75
NMT 20/07/16 43.5 44 43 43.2 2787
NOR 20/07/16 2.7 2.7 2.6 2.6 2570
NOV 20/07/16 13 13 13 13 250
NRT 20/07/16 10 10 10 10 1050
NSR 20/07/16 162.5 163.5 162 162.7 4563
NST 20/07/16 520 535 518 535 17913
NSTKOA 20/07/16 143.5 143.5 143.5 143.5 80
NTC 20/07/16 297 297 293 295 316
NTL 20/07/16 .7 .7 .7 .7 2500
NUF 20/07/16 776 784 773 784 372
NUH 20/07/16 5.7 5.7 5.7 5.7 1000
NVL 20/07/16 139 140 139 140 371
NVO 20/07/16 11.5 12.5 11.5 12 8983
NVT 20/07/16 588 592.5 585 589 1265
NWH 20/07/16 32 33.5 32 32.7 8777
NWS 20/07/16 1728 1736 1728 1736 3066
NWSLV 20/07/16 1658 1659 1658 1659 4
NWZ 20/07/16 1.2 1.2 1.2 1.2 1383
NXT 20/07/16 360 365 358 365 840
NZM 20/07/16 70 71 69 69 5321
OAR 20/07/16 10 10 10 10 54
OCC 20/07/16 34.5 34.5 34 34.5 23
OEC 20/07/16 71 71 71 71 200
OEL 20/07/16 5.8 5.8 5.4 5.5 22414
OFX 20/07/16 238 241 238 240.5 10830
OGC 20/07/16 477 480 472 479 1675
OGX 20/07/16 25 26 25 26 733
OGXOC 20/07/16 9.9 9.9 9.9 9.9 250
OML 20/07/16 509 510 506 510 108
ONT 20/07/16 702 702 702 702 1
OOK 20/07/16 2.3 2.3 2.3 2.3 124
OOO 20/07/16 1484 1488 1484 1488 4
OPT 20/07/16 54 54 54 54 235
OPTO 20/07/16 28 28 28 28 105
ORA 20/07/16 287 287.5 285 286 3024
ORE 20/07/16 478 480 473 479 2040
ORG 20/07/16 587 590 583 584.5 8474
ORGHA 20/07/16 10010 10020 10010 10020 0
ORI 20/07/16 1299 1301 1273 1282 3096
OSH 20/07/16 734 739.5 730 739 50614
OSL 20/07/16 14 14 14 14 393
OSP 20/07/16 28 28 25.5 25.5 468
OTC 20/07/16 29 30 29 30 7035
OTH 20/07/16 82 82 82 82 1916
OVH 20/07/16 62.5 64 62.5 63 1492
OVL 20/07/16 1.6 1.6 1.5 1.6 10454
OVN 20/07/16 75 84 75 79 2263
OXFL 20/07/16 5393.7 5393.8 5393.8 5393.8 0
OXJO 20/07/16 5451.3 5450.7 5450.7 5450.7 0
OXJR 20/07/16 2958.4 2906.2 2906.2 2906.2 0
OXPJ 20/07/16 1530.8 1536.3 1536.3 1536.3 0
OXVI 20/07/16 0 0 0 0 0
OXXJ 20/07/16 6551.6 6575.3 6575.3 6575.3 0
OZL 20/07/16 678 679 648 655.5 6552
OZR 20/07/16 717 717 711 711 134
PAB 20/07/16 .7 .7 .7 .7 786
PAC 20/07/16 496 500 487 487 61
PAI 20/07/16 94 94 93 93 270
PAIO 20/07/16 1.2 1.2 1.2 1.2 830
PAK 20/07/16 16.5 16.5 16.5 16.5 310
PAN 20/07/16 24.5 24.5 22 22.5 4316
PAR 20/07/16 37.5 38 37.5 38 270
PDI 20/07/16 1.9 1.9 1.9 1.9 2
PDN 20/07/16 23 23.5 23 23.2 48831
PEH 20/07/16 10 10 10 10 5444
PEK 20/07/16 5 5 5 5 1250
PEN 20/07/16 71 71.5 71 71.5 225
PEX 20/07/16 21 21.5 20 21.5 633
PFG 20/07/16 12 12 12 12 200
PFL 20/07/16 169.5 170 169.5 170 44
PGC 20/07/16 71.5 72 71.5 71.5 622
PGF 20/07/16 84 84 84 84 75
PGH 20/07/16 603 615 603 613.5 605
PGM 20/07/16 12.5 13.5 12.5 12.7 4742
PGO 20/07/16 10 10 10 10 248
PGR 20/07/16 60 60 60 60 805
PHG 20/07/16 23.5 26 23.5 25.5 6263
PIC 20/07/16 94 94 94 94 235
PIL 20/07/16 2.5 2.5 2.3 2.3 28583
PIO 20/07/16 3.3 3.3 3.2 3.2 8000
PLH 20/07/16 24.5 24.5 24 24 1386
PLPO 20/07/16 .4 .4 .4 .4 1300
PLS 20/07/16 58.5 59 56 56.7 18523
PMC 20/07/16 156 158 156 158 731
PME 20/07/16 535 536 532 535 100
PMGOLD 20/07/16 1770 1783 1770 1781 19
PMV 20/07/16 1555 1569 1555 1567 240
PMY 20/07/16 1.3 1.3 1.3 1.3 7000
PNC 20/07/16 174 175 174 175 68
PNN 20/07/16 2.8 2.8 2.8 2.8 1211
PNR 20/07/16 14.5 14.5 14.5 14.5 1000
PNV 20/07/16 27 27 27 27 260
POS 20/07/16 5.7 5.7 5.7 5.7 8164
POW 20/07/16 1.6 1.6 1.6 1.6 1000
PPC 20/07/16 94 94 93.5 94 119
PPG 20/07/16 46 46 46 46 37
PPL 20/07/16 54 54 54 54 100
PPS 20/07/16 36 36.5 36 36.5 2734
PPT 20/07/16 4360 4390 4357 4386 314
PRG 20/07/16 165 165.7 164 164.5 913
PRR 20/07/16 4.3 4.3 4.3 4.3 300
PRT 20/07/16 31.5 31.5 31.2 31.5 102
PRU 20/07/16 63.5 64 62.5 63 5710
PRY 20/07/16 388 391 387 390 752
PSM 20/07/16 3.3 3.3 3.3 3.3 10000
PSY 20/07/16 11.5 11.5 11.5 11.5 50
PSZ 20/07/16 39.5 39.5 39 39 200
PTB 20/07/16 42 42 42 42 130
PTL 20/07/16 60 60 60 60 378
PTM 20/07/16 580 580 573 574 1139
PTR 20/07/16 .3 .3 .3 .3 351
PTX 20/07/16 10.5 11 10 11 1995
PWH 20/07/16 281 287 281 287 55
PWN 20/07/16 3.4 3.4 3.4 3.4 4880
PXS 20/07/16 28.5 28.5 28.5 28.5 200
PYC 20/07/16 1.4 1.4 1.4 1.4 5023
QAG 20/07/16 766 766 766 766 1
QAN 20/07/16 309 310 306 307.5 9961
QAU 20/07/16 1403 1404 1403 1404 22
QAUKOG 20/07/16 286 286 286 286 20
QBE 20/07/16 1091 1109 1088 1098 10837
QBL 20/07/16 .8 .8 .8 .8 14378
QHL 20/07/16 13 13 13 13 2192
QMS 20/07/16 125.5 127 125.2 126.5 178
QOZ 20/07/16 1137 1144 1137 1144 89
QUAL 20/07/16 1868 1874 1868 1874 182
QUB 20/07/16 234 235 232 234 2345
QVE 20/07/16 110 111 110 111 816
RAC 20/07/16 25 26 25 25.5 2142
RAP 20/07/16 33.5 34.5 33 34 38115
RBL 20/07/16 105 105 103 104.5 761
RCB 20/07/16 2054 2055 2054 2055 24
RCE 20/07/16 24 24 24 24 50
RCG 20/07/16 190 190 188 188.5 1928
RCR 20/07/16 190.5 192.5 190.2 192 249
RCT 20/07/16 355 355 354 354 25
RDV 20/07/16 2816 2816 2794 2794 69
REA 20/07/16 6326 6424 6321 6423 246
RED 20/07/16 9.2 9.2 9.2 9.2 5265
REG 20/07/16 496 501 490 500 1025
RER 20/07/16 1.7 1.7 1.7 1.7 554
RES 20/07/16 8 8 8 8 500
RFF 20/07/16 169 171.5 168 170 4023
RFG 20/07/16 574 578.5 573 575.5 898
RFN 20/07/16 12.5 13.5 12.5 13.5 298
RFX 20/07/16 53 53 52.5 53 2320
RGB 20/07/16 2203 2203 2203 2203 20
RGS 20/07/16 14 14 14 14 152
RHC 20/07/16 7448 7612 7440 7612 627
RHCKOD 20/07/16 2438 2478 2438 2478 8
RHCKOP 20/07/16 1267 1268 1198 1198 6
RHCSWW 20/07/16 5254 5254 5250 5250 40
RHL 20/07/16 331 331 331 331 5
RHP 20/07/16 84 85 83.5 85 193
RIC 20/07/16 141 142.5 140.5 141.7 329
RIM 20/07/16 2.9 2.9 2.9 2.9 902
RIO 20/07/16 4800 4849 4772 4772 5102
RIOIOZ 20/07/16 1645 1645 1645 1645 10
RIOKOP 20/07/16 668 668 668 668 20
RLC 20/07/16 .9 .9 .9 .9 620
RMD 20/07/16 875 881 873 881 3305
RMDKOE 20/07/16 346 346 346 346 40
RMS 20/07/16 62.5 63.5 62.2 63.5 4519
RMX 20/07/16 .1 .1 .1 .1 27991
RNO 20/07/16 1.8 1.8 1.8 1.8 15000
RNS 20/07/16 6.3 6.3 6.3 6.3 11759
RNT 20/07/16 15 15 15 15 28
RNU 20/07/16 2.9 2.9 2.9 2.9 1738
RNUO 20/07/16 .5 .5 .5 .5 2367
ROG 20/07/16 .1 .1 .1 .1 193333
RRL 20/07/16 380 381 376 376.5 7471
RSG 20/07/16 151 152.5 149.5 151.5 9072
RSH 20/07/16 7.4 7.9 7.4 7.8 2865
RTG 20/07/16 66 66 63.5 63.5 952
RUM 20/07/16 2.3 2.3 2.3 2.3 220
RVA 20/07/16 116 116.5 116 116.5 196
RVR 20/07/16 14.5 15 14.5 14.5 32517
RWC 20/07/16 332 332 329 331 841
RWD 20/07/16 41 41 41 41 74
RWH 20/07/16 110 110 110 110 325
RXL 20/07/16 2.3 2.3 2.3 2.3 4588
RXM 20/07/16 5.9 6 5.9 6 2500
RXP 20/07/16 66 66 64 64 533
S32 20/07/16 183 184.5 182.5 184 62955
S32KOS 20/07/16 50 50 50 50 100
SAI 20/07/16 378 378.5 375 376 702
SAR 20/07/16 172.5 173.5 171.7 172.5 6813
SAS 20/07/16 2.1 2.1 2.1 2.1 477
SAU 20/07/16 43 44 41 41 2679
SBM 20/07/16 341 341.5 334.5 339.5 11395
SCG 20/07/16 524 525 522 524 27198
SCI 20/07/16 3.7 3.7 3.6 3.6 656
SCO 20/07/16 328 332 328 332 1610
SCP 20/07/16 241 244 241 243.5 1690
SDA 20/07/16 367 377 366 366 54
SDF 20/07/16 209 210 207.5 209 1209
SDI 20/07/16 63 63 63 63 406
SDL 20/07/16 .3 .3 .3 .3 18895
SEA 20/07/16 14.5 14.5 14 14.5 33413
SEG 20/07/16 .5 .5 .5 .5 73203
SEH 20/07/16 9.8 9.9 9.7 9.7 566
SEK 20/07/16 1615 1636.5 1612 1635 1263
SEN 20/07/16 13.5 14 13.5 14 9297
SEQ 20/07/16 .2 .2 .2 .2 15000
SER 20/07/16 1.2 1.2 1.2 1.2 950
SFG 20/07/16 9 9.5 9 9.5 10120
SFH 20/07/16 54 54 54 54 30
SFI 20/07/16 6.5 6.6 6.5 6.5 6046
SFL 20/07/16 20 20 20 20 117
SFR 20/07/16 613 620 611 615 1475
SFX 20/07/16 62 62 62 62 120
SFY 20/07/16 5110 5110 5110 5110 6
SGC 20/07/16 3 3 3 3 161
SGF 20/07/16 415 415 413 413 72
SGH 20/07/16 40 40 39.7 39.7 831
SGM 20/07/16 856 859 849 850 2803
SGMKOA 20/07/16 178.5 178.5 178.5 178.5 18
SGP 20/07/16 496 499 495 497.5 7652
SGR 20/07/16 576 580 575 579.5 2537
SHJ 20/07/16 110 112.5 110 112.5 62
SHL 20/07/16 2196 2217 2189 2214 1564
SHM 20/07/16 84.5 84.5 84.5 84.5 9810
SHP 20/07/16 .6 .6 .6 .6 2203
SHV 20/07/16 750 759.5 748 757 800
SIP 20/07/16 129 131.7 128.7 131.5 4536
SIQ 20/07/16 681 681 672 674 105
SIV 20/07/16 1155 1155 1147 1152 13
SKC 20/07/16 455 462 454 458.5 1776
SKI 20/07/16 257 257.5 255 257 8929
SKT 20/07/16 452 452 449 449 5553
SLC 20/07/16 251 260 251 257 440
SLF 20/07/16 1420 1421 1418 1419 181
SLK 20/07/16 430 430 426 428 64
SLR 20/07/16 65 65 64.2 64.5 3319
SLX 20/07/16 30 30 29.5 30 875
SM8 20/07/16 19.5 19.5 19 19 1262
SMD 20/07/16 .9 .9 .9 .9 444
SMI 20/07/16 5.2 5.2 5 5 1007
SMN 20/07/16 191.5 191.5 186 186.5 398
SMP 20/07/16 18 18 18 18 146
SMR 20/07/16 27 27.5 27 27.5 214
SMX 20/07/16 212 220 210.5 216 1510
SO4 20/07/16 34 36.5 34 36 1350
SOC 20/07/16 .5 .5 .4 .4 4200
SOL 20/07/16 1749 1749 1727 1735 214
SOM 20/07/16 328 328 321 321 88
SOR 20/07/16 14 14 14 14 71
SPFKOZ 20/07/16 119.5 119.5 119.5 119.5 10
SPFMOQ 20/07/16 248 248 248 248 50
SPK 20/07/16 353 355 352 355 761
SPL 20/07/16 70 70 70 70 122
SPO 20/07/16 125 125.5 124.5 124.5 1771
SPQ 20/07/16 1.6 1.6 1.6 1.6 755
SPZ 20/07/16 28.5 28.5 28.5 28.5 186
SRF 20/07/16 22 22 20.5 20.5 3566
SRG 20/07/16 110 110 110 110 165
SRI 20/07/16 2.3 2.3 2.1 2.2 32639
SRS 20/07/16 3 3 3 3 318
SRX 20/07/16 3028 3112 3023 3100 769
SSG 20/07/16 111.5 111.5 111 111 93
SSM 20/07/16 80 81.5 80 80.5 1447
SSO 20/07/16 1294 1294 1294 1294 2
ST1 20/07/16 2 2.1 2 2.1 10280
STA 20/07/16 .7 .7 .7 .7 15840
STO 20/07/16 482 485 481 482 7222
STOKOB 20/07/16 212 212 212 212 45
STW 20/07/16 5103 5111 5103 5110 100
STWISC 20/07/16 470 470 470 470 48
SUL 20/07/16 939 944 936.5 943 276
SUN 20/07/16 1292 1297 1288 1292 6118
SUNJOJ 20/07/16 585 585 581 583 200
SUNPC 20/07/16 10245 10245 10245 10245 3
SUNPD 20/07/16 10200 10220 10200 10220 2
SUNPE 20/07/16 9740 9740 9740 9740 6
SVA 20/07/16 8.4 8.4 8.4 8.4 94
SVL 20/07/16 24 24 23.5 23.5 3000
SVLO 20/07/16 9.9 9.9 9.9 9.9 70
SVW 20/07/16 650 650 637 639 129
SVWPA 20/07/16 5970 5970 5970 5970 2
SWJ 20/07/16 1.3 1.3 1.3 1.3 1228
SWM 20/07/16 115.5 116 114 114.7 4984
SXE 20/07/16 53 53.5 53 53.5 2740
SXL 20/07/16 124 124.5 122.7 122.7 2813
SXX 20/07/16 .8 .8 .8 .8 800
SXY 20/07/16 28 28 27 27.2 3668
SYA 20/07/16 3.1 3.1 2.9 2.9 24754
SYAO 20/07/16 .8 .8 .8 .8 1000
SYD 20/07/16 726 732 724.5 728 9184
SYDKOE 20/07/16 114.5 114.5 114.5 114.5 50
SYR 20/07/16 505 513 493.5 499 9054
SYT 20/07/16 3.4 3.8 3.3 3.7 447532
TAH 20/07/16 461 463 461 461.5 2521
TAHHB 20/07/16 10160 10160 10160 10160 4
TAM 20/07/16 7.4 7.4 7.4 7.4 2163
TAS 20/07/16 16.5 16.5 16.5 16.5 200
TAW 20/07/16 11 11 10 10 12665
TCH 20/07/16 189.5 192 189.5 192 210
TCL 20/07/16 1218 1224 1215 1218.5 6956
TCN 20/07/16 6.9 6.9 6.9 6.9 72
TEN 20/07/16 96 97 95.5 96 353
TER 20/07/16 1.7 1.7 1.7 1.7 4388
TFC 20/07/16 149 150 148.7 149.5 786
TFG 20/07/16 25.5 25.5 25.5 25.5 2966
TGA 20/07/16 134.5 134.5 133 133 648
TGG 20/07/16 114 114 114 114 450
TGP 20/07/16 95 95 95 95 0
TGR 20/07/16 407 414 407 414 648
TGS 20/07/16 4.8 4.8 4.7 4.7 1921
TGZ 20/07/16 115 115 115 115 100
THD 20/07/16 3.8 3.8 3.8 3.8 489
THR 20/07/16 .1 .1 .1 .1 88889
TIA 20/07/16 62.5 66.2 62.5 66.2 715
TIX 20/07/16 273 274 272 272.5 266
TKL 20/07/16 2.1 2.1 2 2 6251
TLG 20/07/16 31 31 31 31 1760
TLM 20/07/16 43.5 44 43.5 44 50
TLS 20/07/16 579 579 577 578 19060
TLSISC 20/07/16 73.5 73.5 73.5 73.5 424
TME 20/07/16 469 474 468.5 473 1324
TMX 20/07/16 1.3 1.3 1.3 1.3 5000
TNE 20/07/16 550 551.5 544 551 929
TNG 20/07/16 13 13 13 13 1400
TNK 20/07/16 181 182 181 182 110
TNR 20/07/16 19 19.5 19 19.5 1150
TOE 20/07/16 5.2 5.2 4.9 4.9 10060
TOF 20/07/16 227 227 225 225 236
TOP 20/07/16 59 59.5 59 59.5 445
TOT 20/07/16 116.5 118.5 116.5 118.5 210
TOX 20/07/16 273 274 270 270.5 82
TPE 20/07/16 274 274 274 274 70
TPM 20/07/16 1220 1229 1205 1226 1350
TRL 20/07/16 6.9 7 6.9 7 1596
TRS 20/07/16 1255 1255 1235 1236 73
TRY 20/07/16 54.5 55.5 54.5 55.5 1414
TSM 20/07/16 40 40 40 40 317
TSN 20/07/16 1.9 1.9 1.8 1.9 5909
TTS 20/07/16 403 403 396 396 5120
TV2 20/07/16 2.8 2.8 2.8 2.8 14151
TV2O 20/07/16 1.3 1.3 1.3 1.3 3000
TWD 20/07/16 310 310 310 310 5
TWE 20/07/16 980 986 978 984 1875
TWH 20/07/16 1.1 1.1 1 1 14500
TYK 20/07/16 1.2 1.3 1.2 1.3 3636
TZL 20/07/16 9.3 9.3 9.3 9.3 200
UBI 20/07/16 29 29 29 29 20
UGL 20/07/16 241 241 237.5 238 1382
UGLKOD 20/07/16 68 68 68 68 70
UIL 20/07/16 7.2 7.2 7.2 7.2 2323
UMAX 20/07/16 1695 1698 1695 1695 101
UNS 20/07/16 7.5 7.6 7.2 7.6 10761
UPD 20/07/16 35 37 35 36 2388
URF 20/07/16 207 210 207 210 10
URI 20/07/16 196 197 196 197 0
USD 20/07/16 1300 1302 1299 1302 453
VAF 20/07/16 5030 5030 5030 5030 12
VAH 20/07/16 21 21.5 21 21.5 1010
VAP 20/07/16 8790 8890 8790 8851 46
VAR 20/07/16 2.1 2.1 2.1 2.1 752
VAS 20/07/16 6944 6961 6944 6951 111
VCX 20/07/16 350 355 350 354 11776
VEU 20/07/16 5845 5845 5810 5832 73
VGAD 20/07/16 5331 5331 5327 5327 31
VGB 20/07/16 5080 5100 5080 5100 3
VGE 20/07/16 5441 5477 5439 5477 49
VGS 20/07/16 5585 5589 5583 5584 23
VHT 20/07/16 38 40 37.5 40 600
VHY 20/07/16 5810 5810 5790 5797 113
VIT 20/07/16 165 165 159.2 160 1422
VLA 20/07/16 92 92 92 92 11
VLC 20/07/16 5755 5755 5755 5755 0
VLT 20/07/16 3.5 3.5 3.5 3.5 7750
VLW 20/07/16 223 225 222.5 224.5 239
VMG 20/07/16 .3 .3 .3 .3 3935
VML 20/07/16 2 2 2 2 4
VMT 20/07/16 19 20 19 20 4143
VOC 20/07/16 861 872 861 868 2257
VPC 20/07/16 2.5 2.7 2.5 2.7 2279
VPCO 20/07/16 .8 .8 .8 .8 3333
VRC 20/07/16 11 11 11 11 4786
VRCO 20/07/16 8.2 8.2 8.2 8.2 420
VRL 20/07/16 543 547 539 545 219
VRT 20/07/16 724 727 724 725 280
VSO 20/07/16 4956 4956 4928 4928 12
VTG 20/07/16 446 446 441 443 396
VTS 20/07/16 14750 14770 14728 14751 41
VXR 20/07/16 .8 .8 .8 .8 2000
WAA 20/07/16 105.5 105.5 105.5 105.5 60
WAF 20/07/16 23 23.5 22.5 23.5 2565
WAM 20/07/16 228 228 227 228 402
WAX 20/07/16 139 139 138.5 138.5 96
WBA 20/07/16 127 129 127 129 610
WBC 20/07/16 3030 3032 3009 3018 9373
WBCHB 20/07/16 10090.2 10149 10090 10149 5
WBCISC 20/07/16 215 215 215 215 100
WBCPC 20/07/16 10210.1 10211 10210.1 10210.1 5
WBCPD 20/07/16 9920 9940 9920 9940 12
WBCPF 20/07/16 9960 9998 9960 9998 18
WBCPG 20/07/16 10190 10190 10181 10190 3
WCB 20/07/16 675 675 668 668 22
WDE 20/07/16 74.5 74.5 74.5 74.5 20
WDIV 20/07/16 1781 1781 1774 1774 80
WEB 20/07/16 720 723 717 719 238
WES 20/07/16 4151 4170 4141 4167 2483
WESBOB 20/07/16 4188 4188 4188 4188 6
WESJOK 20/07/16 710 710 710 710 10
WESLOV 20/07/16 284 284 284 284 9
WFD 20/07/16 1091 1095.5 1081 1083.5 12934
WGL 20/07/16 2.8 2.8 2.8 2.8 1913
WHC 20/07/16 165 167 161.5 162.2 11066
WHCKOP 20/07/16 64.5 64.5 64.5 64.5 500
WHF 20/07/16 424 425 422 425 73
WIC 20/07/16 93 93 93 93 44
WIG 20/07/16 150.5 150.5 150.5 150.5 40
WKT 20/07/16 .6 .6 .6 .6 9483
WLD 20/07/16 39 39.2 38 38 6155
WLE 20/07/16 114 114 113.5 113.5 441
WLEO 20/07/16 6.6 6.6 6.6 6.6 295
WLL 20/07/16 443 445 443 445 20
WMK 20/07/16 101.5 101.5 101.5 101.5 288
WOR 20/07/16 775 784 762 767 1956
WORKOP 20/07/16 205 213 205 213 75
WOW 20/07/16 2226 2238 2226 2235 2975
WOWHC 20/07/16 10117 10124 10115 10115 21
WOWISC 20/07/16 257 258 256 256 161
WOWSMY 20/07/16 870 870 870 870 2
WOWSO2 20/07/16 796 796 796 796 40
WPG 20/07/16 8.7 8.7 8.6 8.7 3195
WPL 20/07/16 2735 2739 2704 2717 4010
WPLSWR 20/07/16 1357 1359 1356 1358 150
WPP 20/07/16 108 108.5 106.5 107 336
WRM 20/07/16 2.4 2.4 2.3 2.3 6500
WSA 20/07/16 269 269 246 251 13638
WSAKOD 20/07/16 24 24 24 24 60
WSG 20/07/16 1.3 1.3 1.3 1.3 3421
WSI 20/07/16 4.3 4.3 4.3 4.3 30
WTC 20/07/16 515 540 515 532 198
WTP 20/07/16 88 90 88 89 136
WXHG 20/07/16 1798 1798 1798 1798 1
XAE 20/07/16 1330.5 1339.7 1330.3 1338.4 0
XAF 20/07/16 5341.7 5351 5328.3 5344 0
XAM 20/07/16 18.5 18.5 18.5 18.5 610
XAO 20/07/16 5533.9 5537.6 5519.4 5533.5 0
XAT 20/07/16 5394.6 5402.7 5383.1 5397.2 0
XBW 20/07/16 86302.602 86302.602 86302.602 86302.602 0
XDI 20/07/16 1466.8 1470.2 1464.1 1467 0
XDJ 20/07/16 2155.1 2171.2 2155.1 2170.7 0
XEC 20/07/16 1385.3 1388.3 1385 1386.4 0
XEJ 20/07/16 8553.6 8563.5 8503.4 8521.1 0
XF1 20/07/16 61 62.5 61 62.5 72
XFD 20/07/16 1716.4 1716.4 1707.6 1710.5 0
XFJ 20/07/16 5979.7 6012.4 5979.1 5997.1 0
XFL 20/07/16 5393.7 5403 5380.2 5396.2 0
XFT 20/07/16 3347.4 3347.5 3330.3 3335.6 0
XGD 20/07/16 5243.9 5270.9 5236.3 5267.2 0
XHJ 20/07/16 21951.6 22279.4 21950.301 22254.301 0
XIJ 20/07/16 778.4 792.1 778.4 792.1 0
XJO 20/07/16 5451.3 5459.5 5439.8 5454.2 0
XJOKOF 20/07/16 1241 1241 1241 1241 26
XJOKOZ 20/07/16 275 278 273 273 190
XJOLOA 20/07/16 310 310 310 310 30
XJOLOS 20/07/16 845 845 845 845 3
XJOLOV 20/07/16 208 212 203 205 372
XJOMOQ 20/07/16 374 374 370 370 22
XJOMOT 20/07/16 245 245 244 244 60
XJOQOP 20/07/16 313 313 313 313 30
XJOQOT 20/07/16 807 807 807 807 10
XJOWOJ 20/07/16 30 30.5 30 30.5 310
XJOWOV 20/07/16 73 73 73 73 50
XJOXOQ 20/07/16 145 145 145 145 30
XJR 20/07/16 2958.4 2958.4 2898.3 2900.1 0
XKO 20/07/16 5415 5422.8 5403.9 5418 0
XLD 20/07/16 955.9 958.8 951.9 957 0
XMD 20/07/16 5728.8 5730.4 5706.9 5728 0
XMJ 20/07/16 8647.2 8647.2 8478.3 8487.3 0
XMM 20/07/16 2548 2548 2482 2484.1 0
XNJ 20/07/16 5403.1 5403.1 5360.9 5394.3 0
XNT 20/07/16 48753.602 48827.398 48651.199 48771.898 0
XNV 20/07/16 202.5 203.3 201.9 202.3 0
XPD 20/07/16 14 14 14 14 2964
XPE 20/07/16 7.1 7.1 6.9 6.9 12138
XPJ 20/07/16 1530.8 1541.7 1530.7 1538.7 0
XRO 20/07/16 1705 1736 1705 1720 80
XSJ 20/07/16 8555.4 8618.4 8554.1 8618.2 0
XSO 20/07/16 2442.9 2447.9 2442.5 2447.9 0
XST 20/07/16 1.6 1.6 1.5 1.6 14593
XSY 20/07/16 1824.2 1824.2 1813.2 1814.2 0
XTE 20/07/16 38 38 38 38 135
XTJ 20/07/16 2123.6 2129.1 2120.9 2127.6 0
XTL 20/07/16 3087.8 3092.5 3078.1 3085.8 0
XTO 20/07/16 4494.6 4501.2 4484 4496.3 0
XUJ 20/07/16 7914.9 7932.6 7860.6 7924.3 0
XVI 20/07/16 1445.2 1468.4 1443.6 1466.6 0
XXJ 20/07/16 6551.6 6585.8 6550.8 6567.1 0
YBR 20/07/16 20 20 20 20 200
YDIV 20/07/16 1989.3 1995 1986.1 1994.1 0
YETF 20/07/16 2079.9 2094.7 2078.9 2093.9 0
YFDI 20/07/16 2529.3 2529.3 2516.3 2520.5 0
YGEA 20/07/16 1908.3 1914.1 1899.7 1910 0
YMAX 20/07/16 903 913 903 909 204
YMVA 20/07/16 2195 2212.2 2194.6 2208.2 0
YMVB 20/07/16 2402.1 2416.6 2402 2405.2 0
YMVE 20/07/16 802.3 802.3 793.2 793.8 0
YMVR 20/07/16 1811.6 1811.6 1790.8 1792.9 0
YMVS 20/07/16 1788 1796.3 1788 1796.3 0
YMVW 20/07/16 2413.6 2413.6 2405.2 2412.3 0
YOJ 20/07/16 4.9 4.9 4.9 4.9 1400
YOW 20/07/16 88 89 87 88 920
YOZF 20/07/16 1874.3 1884 1874 1878.7 0
YOZR 20/07/16 725.8 725.8 711 711.4 0
YPB 20/07/16 18 18 18 18 100
YQOZ 20/07/16 1148.4 1148.4 1143.4 1144.2 0
YRAR 20/07/16 2340 2347.4 2338.3 2341.2 0
YRDV 20/07/16 2797.1 2802.6 2792.2 2796 0
YRVL 20/07/16 2722.2 2724.4 2711.4 2714.9 0
YSFY 20/07/16 5106 5115 5092.6 5108 0
YSLF 20/07/16 1412.7 1423.1 1412.6 1420 0
YSSO 20/07/16 1291.2 1293.8 1290.9 1293.8 0
YSTW 20/07/16 5106.9 5114.7 5095.7 5109.3 0
YSYI 20/07/16 2676.5 2684.3 2673.8 2676.4 0
YUBA 20/07/16 1811.7 1814.2 1807 1811.8 0
ZCLKOK 20/07/16 102.5 102.5 102.5 102.5 40
ZEL 20/07/16 789 790 789 790 59
ZGOL 20/07/16 1766 1771 1766 1771 16
ZIP 20/07/16 25 25.5 22 22 22055
ZML 20/07/16 62 62 61.5 61.5 45
ZNC 20/07/16 10 10 9.5 9.5 300
ZYUS 20/07/16 1261 1261 1261 1261 8
